1000  14  1001  10  1002  33  
1003  48  1004  20  1005  39  
1006  00  1007  10  1008  36  
1009  28  100A  10  100B  30  
100C  30  100D  10  100E  15  
100F  48  1010  20  1011  61  
1012  3C  1013  10  1014  03  
1015  00  1016  10  1017  2A  
1018  0C  1019  10  101A  39  
101B  00  101C  10  101D  2D  
101E  0C  101F  10  1020  36  
1021  48  1022  20  1023  61  
1024  08  1025  10  1026  33  
1027  4C  1028  00  1029  00  
102A  45  102B  4F  102C  46  
102D  00  102E  00  102F  03  
1030  00  1031  00  1032  00  
1033  F1  1034  xx  1035  xx  
